Calculating the correlation coefficient: 
**************************************************
channel: 0, strip: 31  ---  1   0.0993128   0.0142155   0.00799949   0.48461   0.0510147   0.0134535   0.0192111   0.189909   0.0267792   
channel: 1, strip: 15  ---  0.0993128   1   0.051494   0.00803452   0.127413   0.488676   0.0191381   0.0183608   0.225031   0.217658   
channel: 2, strip: 127  ---  0.0142155   0.051494   1   0.0987716   0.0520145   0.0426666   0.497094   0.0534874   0.0277977   0.0183784   
channel: 3, strip: 111  ---  0.00799949   0.00803452   0.0987716   1   0.120693   0.0449295   0.136195   0.482858   0.0351947   0.0157437   
channel: 4, strip: 27  ---  0.48461   0.127413   0.0520145   0.120693   1   0.140267   0.0689576   0.101182   0.488997   0.0605117   
channel: 5, strip: 11  ---  0.0510147   0.488676   0.0426666   0.0449295   0.140267   1   0.0917613   0.0695889   0.162369   0.513746   
channel: 6, strip: 123  ---  0.0134535   0.0191381   0.497094   0.136195   0.0689576   0.0917613   1   0.14278   0.0597226   0.0627735   
channel: 7, strip: 107  ---  0.0192111   0.0183608   0.0534874   0.482858   0.101182   0.0695889   0.14278   1.00001   0.119089   0.0624122   
channel: 8, strip: 23  ---  0.189909   0.225031   0.0277977   0.0351947   0.488997   0.162369   0.0597226   0.119089   1   0.140025   
channel: 9, strip: 7  ---  0.0267792   0.217658   0.0183784   0.0157437   0.0605117   0.513746   0.0627735   0.0624122   0.140025   1.00001   
channel: 10, strip: 119  ---  0.0128984   0.0126881   0.206091   0.216868   0.0597452   0.0421724   0.503145   0.150463   0.0624513   0.0864748   
channel: 11, strip: 103  ---  0.0155134   0.0196695   0.0329123   0.203834   0.0572104   0.0431981   0.0645732   0.502221   0.0923808   0.0615283   
channel: 12, strip: 19  ---  0.101007   0.48134   0.0329074   0.0231536   0.22773   0.237073   0.0345157   0.0540263   0.531967   0.156966   
channel: 13, strip: 3  ---  0.022409   0.138672   0.0121663   0.00627271   0.0390396   0.240694   0.0350131   0.0342863   0.0679384   0.517707   
channel: 14, strip: 115  ---  0.0129261   0.0215646   0.100795   0.487219   0.0871605   0.0451795   0.226179   0.229771   0.0470372   0.0372525   
channel: 15, strip: 99  ---  0.018649   0.0227201   0.022486   0.115261   0.0495971   0.039654   0.0423169   0.214166   0.05989   0.0383479   
channel: 16, strip: 30  ---  0.890116   0.0992908   0.0226418   0.0363016   0.627993   0.0756013   0.0377364   0.0504839   0.253125   0.0424901   
channel: 17, strip: 14  ---  0.111387   0.894221   0.0482562   0.0281696   0.143368   0.636326   0.0466601   0.0480398   0.200529   0.281664   
channel: 18, strip: 126  ---  0.0362513   0.0774555   0.899157   0.101283   0.0777518   0.0788503   0.637872   0.0794009   0.0518467   0.0361905   
channel: 19, strip: 110  ---  0.0291515   0.0334083   0.119014   0.899594   0.139236   0.0719258   0.156555   0.623405   0.0681598   0.0371481   
channel: 20, strip: 26  ---  0.384925   0.145357   0.0507931   0.104218   0.914464   0.15006   0.0712357   0.106922   0.618537   0.0778002   
channel: 21, strip: 10  ---  0.0389208   0.397321   0.0382955   0.0382899   0.115995   0.922765   0.0900735   0.0695641   0.153227   0.625442   
channel: 22, strip: 122  ---  0.0115672   0.0137179   0.404777   0.145328   0.0660586   0.081844   0.919567   0.141629   0.0629962   0.0691506   
channel: 23, strip: 106  ---  0.0167404   0.0178458   0.0451518   0.385777   0.0874649   0.0647336   0.122382   0.91946   0.118595   0.0645234   
channel: 24, strip: 22  ---  0.157695   0.271645   0.0268005   0.0282686   0.399936   0.17336   0.0545043   0.10472   0.923308   0.145474   
channel: 25, strip: 6  ---  0.025234   0.184794   0.015957   0.0129151   0.0525881   0.418516   0.055777   0.0555891   0.123078   0.919292   
channel: 26, strip: 118  ---  0.0133931   0.0142113   0.17079   0.255424   0.0633597   0.0397152   0.409599   0.156411   0.0595142   0.0788361   
channel: 27, strip: 102  ---  0.01524   0.0210517   0.0314014   0.174993   0.0522261   0.0402383   0.0549663   0.410491   0.0822464   0.0552481   
channel: 28, strip: 18  ---  0.0839166   0.602632   0.0375265   0.0240507   0.189467   0.277389   0.0315901   0.045569   0.433425   0.166845   
channel: 29, strip: 2  ---  0.0201774   0.131413   0.0145143   0.00925415   0.0373414   0.203015   0.0331276   0.0340902   0.0586176   0.418692   
channel: 30, strip: 114  ---  0.0135447   0.0254837   0.0846139   0.604743   0.09833   0.0509826   0.186926   0.268687   0.0442836   0.0322804   
channel: 31, strip: 98  ---  0.0183901   0.0252778   0.0193565   0.1103   0.0484566   0.0405093   0.0386788   0.180798   0.0561608   0.037842   
channel: 32, strip: 29  ---  0.756262   0.101895   0.0220906   0.0393905   0.766784   0.09282   0.0407828   0.0540413   0.314786   0.0442027   
channel: 33, strip: 13  ---  0.0984166   0.74554   0.0380337   0.0283372   0.146375   0.778647   0.0589554   0.0530784   0.181086   0.342707   
channel: 34, strip: 125  ---  0.028009   0.0576132   0.759889   0.106609   0.0731568   0.083839   0.780972   0.101417   0.0529732   0.0407838   
channel: 35, strip: 109  ---  0.0282119   0.0308779   0.104449   0.747739   0.127325   0.0727931   0.15838   0.771522   0.086897   0.0467311   
channel: 36, strip: 25  ---  0.310107   0.159121   0.0477834   0.0883523   0.772134   0.150317   0.0717078   0.11863   0.76097   0.0984001   
channel: 37, strip: 9  ---  0.0340399   0.324412   0.0323032   0.0335444   0.0983273   0.78285   0.0821389   0.0714991   0.155297   0.767743   
channel: 38, strip: 121  ---  0.0107907   0.0105135   0.328716   0.165562   0.0614931   0.0633464   0.777124   0.144383   0.0625476   0.0747049   
channel: 39, strip: 105  ---  0.0157256   0.0178372   0.0402126   0.312232   0.0751615   0.0568956   0.102289   0.774712   0.10963   0.0649121   
channel: 40, strip: 21  ---  0.147195   0.315434   0.0278964   0.027002   0.339355   0.182285   0.0467652   0.0865554   0.791178   0.145601   
channel: 41, strip: 5  ---  0.0282177   0.1673   0.014958   0.0105841   0.0502535   0.351906   0.0483006   0.0469584   0.107447   0.784002   
channel: 42, strip: 117  ---  0.0140837   0.0150801   0.143935   0.314736   0.0682854   0.0392618   0.337287   0.174745   0.0543144   0.0626941   
channel: 43, strip: 101  ---  0.0161176   0.022579   0.0288349   0.148168   0.0508577   0.0399859   0.0506831   0.327006   0.0734145   0.04881   
channel: 44, strip: 17  ---  0.0698992   0.744217   0.0438404   0.026454   0.157708   0.337645   0.0313538   0.0422857   0.351591   0.186627   
channel: 45, strip: 1  ---  0.0179878   0.128301   0.0152539   0.0075484   0.0344878   0.176492   0.0318651   0.0302368   0.0504078   0.342143   
channel: 46, strip: 113  ---  0.0131198   0.0279375   0.0748656   0.748929   0.112166   0.057143   0.165928   0.327743   0.0433213   0.0314184   
channel: 47, strip: 97  ---  0.0187914   0.0258523   0.0191111   0.106402   0.0474882   0.0408281   0.0349937   0.153417   0.0518169   0.0369885   
channel: 48, strip: 28  ---  0.612509   0.109983   0.0222757   0.0434371   0.903486   0.115006   0.0445427   0.0593733   0.38832   0.0511592   
channel: 49, strip: 12  ---  0.0811554   0.59732   0.0306674   0.0296765   0.14617   0.91635   0.0735037   0.059195   0.16333   0.419955   
channel: 50, strip: 124  ---  0.0263216   0.0491243   0.624176   0.111075   0.0759749   0.0975211   0.911773   0.119279   0.059907   0.0524116   
channel: 51, strip: 108  ---  0.0266124   0.0257449   0.0894887   0.597306   0.115388   0.0716125   0.15662   0.912889   0.106224   0.053053   
channel: 52, strip: 24  ---  0.241497   0.182762   0.0424363   0.073501   0.623664   0.153102   0.0714087   0.128556   0.907904   0.120512   
channel: 53, strip: 8  ---  0.0296999   0.263569   0.0279754   0.0286138   0.0779793   0.641654   0.076283   0.0715581   0.149453   0.911138   
channel: 54, strip: 120  ---  0.0111122   0.0110522   0.262524   0.190059   0.0592199   0.0499171   0.62781   0.144397   0.0629979   0.0813297   
channel: 55, strip: 104  ---  0.0164976   0.0173496   0.0352706   0.255225   0.0651732   0.0478879   0.0802409   0.632212   0.100863   0.0624977   
channel: 56, strip: 20  ---  0.113032   0.388952   0.0302078   0.0270189   0.267631   0.208823   0.0409387   0.0688006   0.651184   0.153648   
channel: 57, strip: 4  ---  0.0230637   0.144346   0.0144738   0.010481   0.0409383   0.281062   0.0419323   0.0406865   0.0815219   0.635594   
channel: 58, strip: 116  ---  0.012285   0.0162822   0.120548   0.392909   0.0756624   0.0398018   0.274436   0.198173   0.0501646   0.0466946   
channel: 59, strip: 100  ---  0.0170185   0.0222488   0.024758   0.131529   0.0500889   0.0394524   0.044614   0.268074   0.066019   0.0419566   
channel: 60, strip: 16  ---  0.0596098   0.887589   0.0493531   0.0272362   0.133982   0.409427   0.0313643   0.0408405   0.285843   0.204394   
channel: 61, strip: 0  ---  0.01663   0.125695   0.0231074   0.0119929   0.032622   0.15536   0.0357515   0.0311988   0.0439715   0.278935   
channel: 62, strip: 112  ---  0.0109759   0.0307802   0.0653583   0.89249   0.124181   0.063611   0.143755   0.401545   0.0445755   0.0314524   
channel: 63, strip: 96  ---  0.0195634   0.0261107   0.0196278   0.103881   0.0461909   0.041409   0.0314777   0.134521   0.0487126   0.0365809   
channel: 64, strip: 32  ---  0.878314   0.0845919   0.0210454   0.0452984   0.415553   0.0556403   0.0320764   0.0516287   0.173517   0.0351771   
channel: 65, strip: 48  ---  0.120437   0.00875686   0.0053855   0.0254478   0.0687287   0.0202442   0.0169032   0.0335948   0.0308358   0.0156706   
channel: 66, strip: 64  ---  0.0417587   0.00307039   0.0136832   0.00430436   0.033701   0.0114586   0.0278607   0.0170727   0.0246646   0.0108917   
channel: 67, strip: 80  ---  0.0323781   0.00738781   0.00334479   0.00942588   0.0337222   0.0211599   0.0126914   0.0259998   0.0330223   0.0164206   
channel: 68, strip: 36  ---  0.385897   0.0400745   0.0123642   0.0123672   0.211837   0.0326676   0.0211208   0.0344635   0.105749   0.0243225   
channel: 69, strip: 52  ---  0.0407642   0.0106525   0.0015078   0.00120469   0.0320372   0.0287275   0.0113606   0.0245411   0.0232396   0.037672   
channel: 70, strip: 68  ---  0.0177112   0.00724892   0.01237   0.000976416   0.0259771   0.0166211   0.0375562   0.01701   0.0249018   0.0157083   
channel: 71, strip: 84  ---  0.0223742   0.0115302   0.00841817   0.0137289   0.0336912   0.0264806   0.0161074   0.0343835   0.0367284   0.0205873   
channel: 72, strip: 40  ---  0.165026   0.0266312   0.00942142   0.0137837   0.101756   0.0187907   0.0199158   0.0337522   0.0690406   0.0196377   
channel: 73, strip: 56  ---  0.0245775   0.00980481   0.00170521   0.00258627   0.0209845   0.0182921   0.00985227   0.0197125   0.0156803   0.0420671   
channel: 74, strip: 72  ---  0.0165919   0.00416516   0.00874866   0.00933064   0.0287108   0.0182545   0.0196985   0.0172128   0.0254095   0.0163196   
channel: 75, strip: 88  ---  0.0195917   0.0149614   0.00598227   0.0140754   0.0347914   0.0289478   0.0144326   0.0344413   0.0397504   0.020624   
channel: 76, strip: 44  ---  0.085233   0.0201003   0.00507603   0.0113363   0.0610343   0.017307   0.0182227   0.0300937   0.0467173   0.0160713   
channel: 77, strip: 60  ---  0.0144657   0.0026553   0.000927903   0.00642893   0.0173215   0.00791141   0.00884647   0.0200817   0.013367   0.0178145   
channel: 78, strip: 76  ---  0.0153632   0.00745149   0.00688992   0.0222227   0.030568   0.0186931   0.0129172   0.0194476   0.0275118   0.0148836   
channel: 79, strip: 92  ---  0.0188778   0.0166091   0.012547   0.0271081   0.0349608   0.0322645   0.0229178   0.0623782   0.0416505   0.0282448   
channel: 80, strip: 33  ---  0.736757   0.075275   0.0183845   0.0240279   0.348214   0.0501722   0.030043   0.0450957   0.154455   0.0325827   
channel: 81, strip: 49  ---  0.0981144   0.0174973   0.00598225   0.0113454   0.0593183   0.0269072   0.0164317   0.0291641   0.0313696   0.0211798   
channel: 82, strip: 65  ---  0.0376414   0.00764753   0.0116445   0.00241373   0.0339935   0.014692   0.024232   0.0138834   0.0268481   0.0129642   
channel: 83, strip: 81  ---  0.0309784   0.0112768   0.00387229   0.0163687   0.0344258   0.0239777   0.0117954   0.0294396   0.0342301   0.0180567   
channel: 84, strip: 37  ---  0.317559   0.0340161   0.0127223   0.0213268   0.186138   0.0310352   0.0223901   0.0398172   0.098108   0.0247684   
channel: 85, strip: 53  ---  0.0332814   0.0072636   0.00295197   0.00668501   0.028566   0.0214539   0.0128558   0.0267305   0.0211458   0.03585   
channel: 86, strip: 69  ---  0.016619   0.00482166   0.0112855   -4.22228e-05   0.025709   0.014833   0.0320327   0.0130637   0.0236469   0.0126408   
channel: 87, strip: 85  ---  0.0217367   0.0132877   0.00811313   0.0114146   0.0332366   0.0267287   0.0151376   0.028126   0.0360371   0.0195403   
channel: 88, strip: 41  ---  0.134712   0.0219006   0.00812811   0.0115905   0.0845449   0.0181342   0.0206341   0.0315707   0.0573201   0.0202967   
channel: 89, strip: 57  ---  0.0180846   0.00506843   0.00273545   0.00499206   0.0177186   0.00878353   0.0106935   0.0209411   0.0133476   0.0306197   
channel: 90, strip: 73  ---  0.0147045   0.00514704   0.0072296   0.00909501   0.0276231   0.0179995   0.0116885   0.014695   0.0257244   0.0165549   
channel: 91, strip: 89  ---  0.0194914   0.0153667   0.00719753   0.0163442   0.0349104   0.0299582   0.0157132   0.0384258   0.0410421   0.0237599   
channel: 92, strip: 45  ---  0.0733144   0.0211265   0.00436951   0.0122566   0.0536197   0.0184645   0.0178978   0.0300276   0.0420379   0.0168007   
channel: 93, strip: 61  ---  0.0130008   0.00190766   0.000231409   0.00962   0.017741   0.00694971   0.00935483   0.0222566   0.0138909   0.0177265   
channel: 94, strip: 77  ---  0.0158111   0.0080556   0.00518119   0.0162451   0.0302049   0.0190065   0.0110243   0.0163592   0.027587   0.0147113   
channel: 95, strip: 93  ---  0.0194547   0.0173589   0.013815   0.0309579   0.0357113   0.0339136   0.0240608   0.0711398   0.0427218   0.0306507   
channel: 96, strip: 34  ---  0.597202   0.06499   0.0154816   0.0243601   0.289808   0.0444051   0.0270195   0.0449805   0.132975   0.0302777   
channel: 97, strip: 50  ---  0.0850954   0.0195098   0.00514977   0.0100537   0.0542264   0.0387232   0.015238   0.0302777   0.0309404   0.0331176   
channel: 98, strip: 66  ---  0.0289805   0.0067156   0.0142964   0.00587867   0.0322207   0.015049   0.0419203   0.0188977   0.0276512   0.0135137   
channel: 99, strip: 82  ---  0.0278088   0.0101017   0.00627213   0.0142946   0.0337544   0.0235372   0.0154724   0.0339446   0.0348947   0.0178353   
channel: 100, strip: 38  ---  0.254689   0.0289061   0.0139489   0.0192213   0.149381   0.0268089   0.0228456   0.0389575   0.0817721   0.0231361   
channel: 101, strip: 54  ---  0.0300409   0.00658684   0.00317454   0.00731079   0.0262741   0.0205609   0.0128711   0.0267084   0.0186137   0.0436113   
channel: 102, strip: 70  ---  0.0167319   0.00408023   0.00742154   0.00336286   0.0275794   0.0157539   0.026245   0.0159023   0.0241766   0.0136802   
channel: 103, strip: 86  ---  0.020356   0.0148706   0.00786905   0.0117912   0.0328331   0.0277807   0.0156318   0.0307605   0.0366656   0.0191563   
channel: 104, strip: 42  ---  0.116984   0.020917   0.00556141   0.0101177   0.0770551   0.0179208   0.0197159   0.0302513   0.0541424   0.018547   
channel: 105, strip: 58  ---  0.0171414   0.00598039   0.000889657   0.00363537   0.0174912   0.0123355   0.00931338   0.018762   0.0118643   0.0303891   
channel: 106, strip: 74  ---  0.0138469   0.00624017   0.00686701   0.016293   0.0279225   0.0194887   0.0109875   0.019536   0.0269647   0.0174053   
channel: 107, strip: 90  ---  0.0190271   0.0144384   0.00894413   0.0177289   0.0347625   0.0298599   0.0180371   0.0439277   0.0411897   0.0253279   
channel: 108, strip: 46  ---  0.0647749   0.0207619   0.00471205   0.0130635   0.0473296   0.0191441   0.0172596   0.0298325   0.0364509   0.0160445   
channel: 109, strip: 62  ---  0.0132859   0.00206588   -0.000215037   0.00695446   0.0189943   0.00703499   0.0119725   0.0194292   0.0153782   0.0141334   
channel: 110, strip: 78  ---  0.0152752   0.00888131   0.00499986   0.0189335   0.0295986   0.020989   0.0134686   0.0206789   0.0292395   0.016201   
channel: 111, strip: 94  ---  0.0191499   0.0145154   0.0155144   0.0374046   0.0367903   0.034083   0.025927   0.0836067   0.0437812   0.0325018   
channel: 112, strip: 35  ---  0.482959   0.0524258   0.0148646   0.0239598   0.246815   0.0394733   0.0255802   0.0448502   0.11678   0.0281673   
channel: 113, strip: 51  ---  0.0680966   0.0125292   0.00352173   0.00909482   0.0458228   0.0296633   0.0137649   0.0310133   0.0277308   0.0351262   
channel: 114, strip: 67  ---  0.0261775   0.00625203   0.011671   0.00203573   0.0304   0.015593   0.0332591   0.0151629   0.0264582   0.0132517   
channel: 115, strip: 83  ---  0.0265865   0.0102425   0.00688057   0.00736983   0.0327416   0.0231188   0.0126011   0.0261052   0.0341474   0.0171656   
channel: 116, strip: 39  ---  0.206645   0.0241126   0.0120485   0.015614   0.124257   0.0208465   0.0215775   0.0354363   0.0716431   0.0194036   
channel: 117, strip: 55  ---  0.0258347   0.00598498   0.00276412   0.00647198   0.0230266   0.012755   0.0113932   0.0246356   0.0167083   0.0333701   
channel: 118, strip: 71  ---  0.0158177   0.00281372   0.00866646   0.00406712   0.0273666   0.0153887   0.0237866   0.0137264   0.0244244   0.0135166   
channel: 119, strip: 87  ---  0.0203096   0.0147817   0.00623445   0.0121411   0.0337181   0.027798   0.0137017   0.0322639   0.0384894   0.0188412   
channel: 120, strip: 43  ---  0.0966137   0.0218637   0.00552634   0.0115493   0.0638518   0.02057   0.0195044   0.0318507   0.0468183   0.0212511   
channel: 121, strip: 59  ---  0.0133037   0.00206439   0.00175766   0.00790417   0.0150972   0.00707571   0.00877803   0.0220923   0.0115569   0.0198673   
channel: 122, strip: 75  ---  0.0135523   0.00591293   0.00621599   0.0152099   0.028295   0.0176372   0.00797475   0.0163391   0.0267378   0.0154549   
channel: 123, strip: 91  ---  0.0192354   0.0141062   0.00972313   0.0219621   0.0346029   0.0299436   0.0180462   0.0522473   0.04022   0.0257442   
channel: 124, strip: 47  ---  0.0564237   0.0163795   0.00530618   0.013512   0.0407388   0.0184531   0.0171766   0.0308567   0.0285293   0.0154233   
channel: 125, strip: 63  ---  0.0132737   0.000978694   0.000895523   0.00923212   0.0199646   0.0077783   0.0134304   0.0210894   0.0174295   0.0115528   
channel: 126, strip: 79  ---  0.0151272   0.00902746   0.00224403   0.0134762   0.0282742   0.0216665   0.0105072   0.0197353   0.0294585   0.0170327   
channel: 127, strip: 95  ---  0.0191463   0.0130928   0.0174905   0.044505   0.0384109   0.0337743   0.0278247   0.0973798   0.0453107   0.0328165